/*--------------------------------*- C++ -*----------------------------------*\
| =========                 |                                                 |
| \\      /  F ield         | OpenFOAM: The Open Source CFD Toolbox           |
|  \\    /   O peration     | Version:  2.0.x                                 |
|   \\  /    A nd           | Web:      www.OpenFOAM.com                      |
|    \\/     M anipulation  |                                                 |
\*---------------------------------------------------------------------------*/
FoamFile
{
    version     2.0;
    format      ascii;
    class       faceList;
    location    "constant/polyMesh";
    object      faces;
}
// * * * * * * * * * * * * * * * * * * * * * * * * * * * * * * * * * * * * * //


584
(
4(30 40 50 60)
4(1 2 50 40)
4(31 41 51 61)
4(40 50 51 41)
4(32 42 52 62)
4(41 51 52 42)
4(33 43 53 63)
4(42 52 53 43)
4(34 44 54 64)
4(43 53 54 44)
4(35 45 55 65)
4(44 54 55 45)
4(36 46 56 66)
4(45 55 56 46)
4(37 47 57 67)
4(46 56 57 47)
4(38 48 58 68)
4(47 57 58 48)
4(48 58 59 49)
4(40 70 80 50)
4(4 5 80 70)
4(41 71 81 51)
4(70 80 81 71)
4(42 72 82 52)
4(71 81 82 72)
4(43 73 83 53)
4(72 82 83 73)
4(44 74 84 54)
4(73 83 84 74)
4(45 75 85 55)
4(74 84 85 75)
4(46 76 86 56)
4(75 85 86 76)
4(47 77 87 57)
4(76 86 87 77)
4(48 78 88 58)
4(77 87 88 78)
4(78 88 89 79)
4(70 90 100 80)
4(6 7 100 90)
4(71 91 101 81)
4(90 100 101 91)
4(72 92 102 82)
4(91 101 102 92)
4(73 93 103 83)
4(92 102 103 93)
4(74 94 104 84)
4(93 103 104 94)
4(75 95 105 85)
4(94 104 105 95)
4(76 96 106 86)
4(95 105 106 96)
4(77 97 107 87)
4(96 106 107 97)
4(78 98 108 88)
4(97 107 108 98)
4(98 108 109 99)
4(90 110 120 100)
4(8 9 120 110)
4(91 111 121 101)
4(110 120 121 111)
4(92 112 122 102)
4(111 121 122 112)
4(93 113 123 103)
4(112 122 123 113)
4(94 114 124 104)
4(113 123 124 114)
4(95 115 125 105)
4(114 124 125 115)
4(96 116 126 106)
4(115 125 126 116)
4(97 117 127 107)
4(116 126 127 117)
4(98 118 128 108)
4(117 127 128 118)
4(118 128 129 119)
4(110 130 140 120)
4(10 11 140 130)
4(111 131 141 121)
4(130 140 141 131)
4(112 132 142 122)
4(131 141 142 132)
4(113 133 143 123)
4(132 142 143 133)
4(114 134 144 124)
4(133 143 144 134)
4(115 135 145 125)
4(134 144 145 135)
4(116 136 146 126)
4(135 145 146 136)
4(117 137 147 127)
4(136 146 147 137)
4(118 138 148 128)
4(137 147 148 138)
4(138 148 149 139)
4(130 150 160 140)
4(12 13 160 150)
4(131 151 161 141)
4(150 160 161 151)
4(132 152 162 142)
4(151 161 162 152)
4(133 153 163 143)
4(152 162 163 153)
4(134 154 164 144)
4(153 163 164 154)
4(135 155 165 145)
4(154 164 165 155)
4(136 156 166 146)
4(155 165 166 156)
4(137 157 167 147)
4(156 166 167 157)
4(138 158 168 148)
4(157 167 168 158)
4(158 168 169 159)
4(150 170 180 160)
4(14 15 180 170)
4(151 171 181 161)
4(170 180 181 171)
4(152 172 182 162)
4(171 181 182 172)
4(153 173 183 163)
4(172 182 183 173)
4(154 174 184 164)
4(173 183 184 174)
4(155 175 185 165)
4(174 184 185 175)
4(156 176 186 166)
4(175 185 186 176)
4(157 177 187 167)
4(176 186 187 177)
4(158 178 188 168)
4(177 187 188 178)
4(178 188 189 179)
4(170 190 200 180)
4(16 17 200 190)
4(171 191 201 181)
4(190 200 201 191)
4(172 192 202 182)
4(191 201 202 192)
4(173 193 203 183)
4(192 202 203 193)
4(174 194 204 184)
4(193 203 204 194)
4(175 195 205 185)
4(194 204 205 195)
4(176 196 206 186)
4(195 205 206 196)
4(177 197 207 187)
4(196 206 207 197)
4(178 198 208 188)
4(197 207 208 198)
4(198 208 209 199)
4(190 210 220 200)
4(18 19 220 210)
4(191 211 221 201)
4(210 220 221 211)
4(192 212 222 202)
4(211 221 222 212)
4(193 213 223 203)
4(212 222 223 213)
4(194 214 224 204)
4(213 223 224 214)
4(195 215 225 205)
4(214 224 225 215)
4(196 216 226 206)
4(215 225 226 216)
4(197 217 227 207)
4(216 226 227 217)
4(198 218 228 208)
4(217 227 228 218)
4(218 228 229 219)
4(210 230 240 220)
4(20 21 240 230)
4(211 231 241 221)
4(230 240 241 231)
4(212 232 242 222)
4(231 241 242 232)
4(213 233 243 223)
4(232 242 243 233)
4(214 234 244 224)
4(233 243 244 234)
4(215 235 245 225)
4(234 244 245 235)
4(216 236 246 226)
4(235 245 246 236)
4(217 237 247 227)
4(236 246 247 237)
4(218 238 248 228)
4(237 247 248 238)
4(238 248 249 239)
4(230 250 260 240)
4(22 23 260 250)
4(231 251 261 241)
4(250 260 261 251)
4(232 252 262 242)
4(251 261 262 252)
4(233 253 263 243)
4(252 262 263 253)
4(234 254 264 244)
4(253 263 264 254)
4(235 255 265 245)
4(254 264 265 255)
4(236 256 266 246)
4(255 265 266 256)
4(237 257 267 247)
4(256 266 267 257)
4(238 258 268 248)
4(257 267 268 258)
4(258 268 269 259)
4(250 270 280 260)
4(24 25 280 270)
4(251 271 281 261)
4(270 280 281 271)
4(252 272 282 262)
4(271 281 282 272)
4(253 273 283 263)
4(272 282 283 273)
4(254 274 284 264)
4(273 283 284 274)
4(255 275 285 265)
4(274 284 285 275)
4(256 276 286 266)
4(275 285 286 276)
4(257 277 287 267)
4(276 286 287 277)
4(258 278 288 268)
4(277 287 288 278)
4(278 288 289 279)
4(270 290 300 280)
4(26 27 300 290)
4(271 291 301 281)
4(290 300 301 291)
4(272 292 302 282)
4(291 301 302 292)
4(273 293 303 283)
4(292 302 303 293)
4(274 294 304 284)
4(293 303 304 294)
4(275 295 305 285)
4(294 304 305 295)
4(276 296 306 286)
4(295 305 306 296)
4(277 297 307 287)
4(296 306 307 297)
4(278 298 308 288)
4(297 307 308 298)
4(298 308 309 299)
4(290 310 320 300)
4(291 311 321 301)
4(292 312 322 302)
4(293 313 323 303)
4(294 314 324 304)
4(295 315 325 305)
4(296 316 326 306)
4(297 317 327 307)
4(298 318 328 308)
4(3 0 30 60)
4(60 30 31 61)
4(61 31 32 62)
4(62 32 33 63)
4(63 33 34 64)
4(64 34 35 65)
4(65 35 36 66)
4(66 36 37 67)
4(67 37 38 68)
4(68 38 39 69)
4(0 1 40 30)
4(30 40 41 31)
4(31 41 42 32)
4(32 42 43 33)
4(33 43 44 34)
4(34 44 45 35)
4(35 45 46 36)
4(36 46 47 37)
4(37 47 48 38)
4(38 48 49 39)
4(2 3 60 50)
4(50 60 61 51)
4(51 61 62 52)
4(52 62 63 53)
4(53 63 64 54)
4(54 64 65 55)
4(55 65 66 56)
4(56 66 67 57)
4(57 67 68 58)
4(58 68 69 59)
4(1 4 70 40)
4(40 70 71 41)
4(41 71 72 42)
4(42 72 73 43)
4(43 73 74 44)
4(44 74 75 45)
4(45 75 76 46)
4(46 76 77 47)
4(47 77 78 48)
4(48 78 79 49)
4(5 2 50 80)
4(80 50 51 81)
4(81 51 52 82)
4(82 52 53 83)
4(83 53 54 84)
4(84 54 55 85)
4(85 55 56 86)
4(86 56 57 87)
4(87 57 58 88)
4(88 58 59 89)
4(4 6 90 70)
4(70 90 91 71)
4(71 91 92 72)
4(72 92 93 73)
4(73 93 94 74)
4(74 94 95 75)
4(75 95 96 76)
4(76 96 97 77)
4(77 97 98 78)
4(78 98 99 79)
4(7 5 80 100)
4(100 80 81 101)
4(101 81 82 102)
4(102 82 83 103)
4(103 83 84 104)
4(104 84 85 105)
4(105 85 86 106)
4(106 86 87 107)
4(107 87 88 108)
4(108 88 89 109)
4(6 8 110 90)
4(90 110 111 91)
4(91 111 112 92)
4(92 112 113 93)
4(93 113 114 94)
4(94 114 115 95)
4(95 115 116 96)
4(96 116 117 97)
4(97 117 118 98)
4(98 118 119 99)
4(9 7 100 120)
4(120 100 101 121)
4(121 101 102 122)
4(122 102 103 123)
4(123 103 104 124)
4(124 104 105 125)
4(125 105 106 126)
4(126 106 107 127)
4(127 107 108 128)
4(128 108 109 129)
4(8 10 130 110)
4(110 130 131 111)
4(111 131 132 112)
4(112 132 133 113)
4(113 133 134 114)
4(114 134 135 115)
4(115 135 136 116)
4(116 136 137 117)
4(117 137 138 118)
4(118 138 139 119)
4(11 9 120 140)
4(140 120 121 141)
4(141 121 122 142)
4(142 122 123 143)
4(143 123 124 144)
4(144 124 125 145)
4(145 125 126 146)
4(146 126 127 147)
4(147 127 128 148)
4(148 128 129 149)
4(10 12 150 130)
4(130 150 151 131)
4(131 151 152 132)
4(132 152 153 133)
4(133 153 154 134)
4(134 154 155 135)
4(135 155 156 136)
4(136 156 157 137)
4(137 157 158 138)
4(138 158 159 139)
4(13 11 140 160)
4(160 140 141 161)
4(161 141 142 162)
4(162 142 143 163)
4(163 143 144 164)
4(164 144 145 165)
4(165 145 146 166)
4(166 146 147 167)
4(167 147 148 168)
4(168 148 149 169)
4(12 14 170 150)
4(150 170 171 151)
4(151 171 172 152)
4(152 172 173 153)
4(153 173 174 154)
4(154 174 175 155)
4(155 175 176 156)
4(156 176 177 157)
4(157 177 178 158)
4(158 178 179 159)
4(15 13 160 180)
4(180 160 161 181)
4(181 161 162 182)
4(182 162 163 183)
4(183 163 164 184)
4(184 164 165 185)
4(185 165 166 186)
4(186 166 167 187)
4(187 167 168 188)
4(188 168 169 189)
4(14 16 190 170)
4(170 190 191 171)
4(171 191 192 172)
4(172 192 193 173)
4(173 193 194 174)
4(174 194 195 175)
4(175 195 196 176)
4(176 196 197 177)
4(177 197 198 178)
4(178 198 199 179)
4(17 15 180 200)
4(200 180 181 201)
4(201 181 182 202)
4(202 182 183 203)
4(203 183 184 204)
4(204 184 185 205)
4(205 185 186 206)
4(206 186 187 207)
4(207 187 188 208)
4(208 188 189 209)
4(16 18 210 190)
4(190 210 211 191)
4(191 211 212 192)
4(192 212 213 193)
4(193 213 214 194)
4(194 214 215 195)
4(195 215 216 196)
4(196 216 217 197)
4(197 217 218 198)
4(198 218 219 199)
4(19 17 200 220)
4(220 200 201 221)
4(221 201 202 222)
4(222 202 203 223)
4(223 203 204 224)
4(224 204 205 225)
4(225 205 206 226)
4(226 206 207 227)
4(227 207 208 228)
4(228 208 209 229)
4(18 20 230 210)
4(210 230 231 211)
4(211 231 232 212)
4(212 232 233 213)
4(213 233 234 214)
4(214 234 235 215)
4(215 235 236 216)
4(216 236 237 217)
4(217 237 238 218)
4(218 238 239 219)
4(21 19 220 240)
4(240 220 221 241)
4(241 221 222 242)
4(242 222 223 243)
4(243 223 224 244)
4(244 224 225 245)
4(245 225 226 246)
4(246 226 227 247)
4(247 227 228 248)
4(248 228 229 249)
4(20 22 250 230)
4(230 250 251 231)
4(231 251 252 232)
4(232 252 253 233)
4(233 253 254 234)
4(234 254 255 235)
4(235 255 256 236)
4(236 256 257 237)
4(237 257 258 238)
4(238 258 259 239)
4(23 21 240 260)
4(260 240 241 261)
4(261 241 242 262)
4(262 242 243 263)
4(263 243 244 264)
4(264 244 245 265)
4(265 245 246 266)
4(266 246 247 267)
4(267 247 248 268)
4(268 248 249 269)
4(22 24 270 250)
4(250 270 271 251)
4(251 271 272 252)
4(252 272 273 253)
4(253 273 274 254)
4(254 274 275 255)
4(255 275 276 256)
4(256 276 277 257)
4(257 277 278 258)
4(258 278 279 259)
4(25 23 260 280)
4(280 260 261 281)
4(281 261 262 282)
4(282 262 263 283)
4(283 263 264 284)
4(284 264 265 285)
4(285 265 266 286)
4(286 266 267 287)
4(287 267 268 288)
4(288 268 269 289)
4(24 26 290 270)
4(270 290 291 271)
4(271 291 292 272)
4(272 292 293 273)
4(273 293 294 274)
4(274 294 295 275)
4(275 295 296 276)
4(276 296 297 277)
4(277 297 298 278)
4(278 298 299 279)
4(27 25 280 300)
4(300 280 281 301)
4(301 281 282 302)
4(302 282 283 303)
4(303 283 284 304)
4(304 284 285 305)
4(305 285 286 306)
4(306 286 287 307)
4(307 287 288 308)
4(308 288 289 309)
4(26 28 310 290)
4(290 310 311 291)
4(291 311 312 292)
4(292 312 313 293)
4(293 313 314 294)
4(294 314 315 295)
4(295 315 316 296)
4(296 316 317 297)
4(297 317 318 298)
4(298 318 319 299)
4(29 27 300 320)
4(320 300 301 321)
4(321 301 302 322)
4(322 302 303 323)
4(323 303 304 324)
4(324 304 305 325)
4(325 305 306 326)
4(326 306 307 327)
4(327 307 308 328)
4(328 308 309 329)
4(39 49 59 69)
4(49 79 89 59)
4(79 99 109 89)
4(99 119 129 109)
4(119 139 149 129)
4(139 159 169 149)
4(159 179 189 169)
4(179 199 209 189)
4(199 219 229 209)
4(219 239 249 229)
4(239 259 269 249)
4(259 279 289 269)
4(279 299 309 289)
4(299 319 329 309)
4(0 3 2 1)
4(1 2 5 4)
4(4 5 7 6)
4(6 7 9 8)
4(8 9 11 10)
4(10 11 13 12)
4(12 13 15 14)
4(14 15 17 16)
4(16 17 19 18)
4(18 19 21 20)
4(20 21 23 22)
4(22 23 25 24)
4(24 25 27 26)
4(26 27 29 28)
4(28 29 320 310)
4(310 320 321 311)
4(311 321 322 312)
4(312 322 323 313)
4(313 323 324 314)
4(314 324 325 315)
4(315 325 326 316)
4(316 326 327 317)
4(317 327 328 318)
4(318 328 329 319)
)


// ************************************************************************* //
