/*--------------------------------*- C++ -*----------------------------------*\
| =========                 |                                                 |
| \\      /  F ield         | OpenFOAM: The Open Source CFD Toolbox           |
|  \\    /   O peration     | Version:  2.0.x                                 |
|   \\  /    A nd           | Web:      www.OpenFOAM.com                      |
|    \\/     M anipulation  |                                                 |
\*---------------------------------------------------------------------------*/
FoamFile
{
    version     2.0;
    format      ascii;
    class       labelList;
    note        "side face to patch edge addressing";
    location    "constant/polyMesh";
    object      faceToPatchEdgeAddressing;
}
// * * * * * * * * * * * * * * * * * * * * * * * * * * * * * * * * * * * * * //


584
(
-1
0
-1
0
-1
0
-1
0
-1
0
-1
0
-1
0
-1
0
-1
0
0
-1
1
-1
1
-1
1
-1
1
-1
1
-1
1
-1
1
-1
1
-1
1
1
-1
2
-1
2
-1
2
-1
2
-1
2
-1
2
-1
2
-1
2
-1
2
2
-1
3
-1
3
-1
3
-1
3
-1
3
-1
3
-1
3
-1
3
-1
3
3
-1
4
-1
4
-1
4
-1
4
-1
4
-1
4
-1
4
-1
4
-1
4
4
-1
5
-1
5
-1
5
-1
5
-1
5
-1
5
-1
5
-1
5
-1
5
5
-1
6
-1
6
-1
6
-1
6
-1
6
-1
6
-1
6
-1
6
-1
6
6
-1
7
-1
7
-1
7
-1
7
-1
7
-1
7
-1
7
-1
7
-1
7
7
-1
8
-1
8
-1
8
-1
8
-1
8
-1
8
-1
8
-1
8
-1
8
8
-1
9
-1
9
-1
9
-1
9
-1
9
-1
9
-1
9
-1
9
-1
9
9
-1
10
-1
10
-1
10
-1
10
-1
10
-1
10
-1
10
-1
10
-1
10
10
-1
11
-1
11
-1
11
-1
11
-1
11
-1
11
-1
11
-1
11
-1
11
11
-1
12
-1
12
-1
12
-1
12
-1
12
-1
12
-1
12
-1
12
-1
12
12
-1
-1
-1
-1
-1
-1
-1
-1
-1
15
15
15
15
15
15
15
15
15
15
13
13
13
13
13
13
13
13
13
13
14
14
14
14
14
14
14
14
14
14
16
16
16
16
16
16
16
16
16
16
17
17
17
17
17
17
17
17
17
17
18
18
18
18
18
18
18
18
18
18
19
19
19
19
19
19
19
19
19
19
20
20
20
20
20
20
20
20
20
20
21
21
21
21
21
21
21
21
21
21
22
22
22
22
22
22
22
22
22
22
23
23
23
23
23
23
23
23
23
23
24
24
24
24
24
24
24
24
24
24
25
25
25
25
25
25
25
25
25
25
26
26
26
26
26
26
26
26
26
26
27
27
27
27
27
27
27
27
27
27
28
28
28
28
28
28
28
28
28
28
29
29
29
29
29
29
29
29
29
29
30
30
30
30
30
30
30
30
30
30
31
31
31
31
31
31
31
31
31
31
32
32
32
32
32
32
32
32
32
32
33
33
33
33
33
33
33
33
33
33
34
34
34
34
34
34
34
34
34
34
35
35
35
35
35
35
35
35
35
35
36
36
36
36
36
36
36
36
36
36
37
37
37
37
37
37
37
37
37
37
38
38
38
38
38
38
38
38
38
38
39
39
39
39
39
39
39
39
39
39
40
40
40
40
40
40
40
40
40
40
42
42
42
42
42
42
42
42
42
42
-1
-1
-1
-1
-1
-1
-1
-1
-1
-1
-1
-1
-1
-1
-1
-1
-1
-1
-1
-1
-1
-1
-1
-1
-1
-1
-1
-1
41
41
41
41
41
41
41
41
41
41
)


// ************************************************************************* //
