/*--------------------------------*- C++ -*----------------------------------*\
| =========                 |                                                 |
| \\      /  F ield         | OpenFOAM: The Open Source CFD Toolbox           |
|  \\    /   O peration     | Version:  2.0.x                                 |
|   \\  /    A nd           | Web:      www.OpenFOAM.com                      |
|    \\/     M anipulation  |                                                 |
\*---------------------------------------------------------------------------*/
FoamFile
{
    version     2.0;
    format      ascii;
    class       labelList;
    note        "front/back face + turning index to patch face addressing";
    location    "constant/polyMesh";
    object      faceToPatchFaceAddressing;
}
// * * * * * * * * * * * * * * * * * * * * * * * * * * * * * * * * * * * * * //


584
(
1
0
1
0
1
0
1
0
1
0
1
0
1
0
1
0
1
0
0
2
0
2
0
2
0
2
0
2
0
2
0
2
0
2
0
2
0
0
3
0
3
0
3
0
3
0
3
0
3
0
3
0
3
0
3
0
0
4
0
4
0
4
0
4
0
4
0
4
0
4
0
4
0
4
0
0
5
0
5
0
5
0
5
0
5
0
5
0
5
0
5
0
5
0
0
6
0
6
0
6
0
6
0
6
0
6
0
6
0
6
0
6
0
0
7
0
7
0
7
0
7
0
7
0
7
0
7
0
7
0
7
0
0
8
0
8
0
8
0
8
0
8
0
8
0
8
0
8
0
8
0
0
9
0
9
0
9
0
9
0
9
0
9
0
9
0
9
0
9
0
0
10
0
10
0
10
0
10
0
10
0
10
0
10
0
10
0
10
0
0
11
0
11
0
11
0
11
0
11
0
11
0
11
0
11
0
11
0
0
12
0
12
0
12
0
12
0
12
0
12
0
12
0
12
0
12
0
0
13
0
13
0
13
0
13
0
13
0
13
0
13
0
13
0
13
0
0
14
14
14
14
14
14
14
14
14
0
0
0
0
0
0
0
0
0
0
0
0
0
0
0
0
0
0
0
0
0
0
0
0
0
0
0
0
0
0
0
0
0
0
0
0
0
0
0
0
0
0
0
0
0
0
0
0
0
0
0
0
0
0
0
0
0
0
0
0
0
0
0
0
0
0
0
0
0
0
0
0
0
0
0
0
0
0
0
0
0
0
0
0
0
0
0
0
0
0
0
0
0
0
0
0
0
0
0
0
0
0
0
0
0
0
0
0
0
0
0
0
0
0
0
0
0
0
0
0
0
0
0
0
0
0
0
0
0
0
0
0
0
0
0
0
0
0
0
0
0
0
0
0
0
0
0
0
0
0
0
0
0
0
0
0
0
0
0
0
0
0
0
0
0
0
0
0
0
0
0
0
0
0
0
0
0
0
0
0
0
0
0
0
0
0
0
0
0
0
0
0
0
0
0
0
0
0
0
0
0
0
0
0
0
0
0
0
0
0
0
0
0
0
0
0
0
0
0
0
0
0
0
0
0
0
0
0
0
0
0
0
0
0
0
0
0
0
0
0
0
0
0
0
0
0
0
0
0
0
0
0
0
0
0
0
0
0
0
0
0
0
0
0
0
0
0
0
0
0
0
0
0
0
0
0
0
0
0
0
0
0
0
0
0
0
0
0
0
0
1
2
3
4
5
6
7
8
9
10
11
12
13
14
-1
-2
-3
-4
-5
-6
-7
-8
-9
-10
-11
-12
-13
-14
0
0
0
0
0
0
0
0
0
0
)


// ************************************************************************* //
