/*--------------------------------*- C++ -*----------------------------------*\
| =========                 |                                                 |
| \\      /  F ield         | OpenFOAM: The Open Source CFD Toolbox           |
|  \\    /   O peration     | Version:  2.0.x                                 |
|   \\  /    A nd           | Web:      www.OpenFOAM.com                      |
|    \\/     M anipulation  |                                                 |
\*---------------------------------------------------------------------------*/
FoamFile
{
    version     2.0;
    format      ascii;
    class       labelList;
    note        "nPoints:330  nCells:140  nFaces:584  nInternalFaces:256";
    location    "constant/polyMesh";
    object      neighbour;
}
// * * * * * * * * * * * * * * * * * * * * * * * * * * * * * * * * * * * * * //


256
(
1
10
2
11
3
12
4
13
5
14
6
15
7
16
8
17
9
18
19
11
20
12
21
13
22
14
23
15
24
16
25
17
26
18
27
19
28
29
21
30
22
31
23
32
24
33
25
34
26
35
27
36
28
37
29
38
39
31
40
32
41
33
42
34
43
35
44
36
45
37
46
38
47
39
48
49
41
50
42
51
43
52
44
53
45
54
46
55
47
56
48
57
49
58
59
51
60
52
61
53
62
54
63
55
64
56
65
57
66
58
67
59
68
69
61
70
62
71
63
72
64
73
65
74
66
75
67
76
68
77
69
78
79
71
80
72
81
73
82
74
83
75
84
76
85
77
86
78
87
79
88
89
81
90
82
91
83
92
84
93
85
94
86
95
87
96
88
97
89
98
99
91
100
92
101
93
102
94
103
95
104
96
105
97
106
98
107
99
108
109
101
110
102
111
103
112
104
113
105
114
106
115
107
116
108
117
109
118
119
111
120
112
121
113
122
114
123
115
124
116
125
117
126
118
127
119
128
129
121
130
122
131
123
132
124
133
125
134
126
135
127
136
128
137
129
138
139
131
132
133
134
135
136
137
138
139
)


// ************************************************************************* //
