/*--------------------------------*- C++ -*----------------------------------*\
| =========                 |                                                 |
| \\      /  F ield         | OpenFOAM: The Open Source CFD Toolbox           |
|  \\    /   O peration     | Version:  2.0.x                                 |
|   \\  /    A nd           | Web:      www.OpenFOAM.com                      |
|    \\/     M anipulation  |                                                 |
\*---------------------------------------------------------------------------*/
FoamFile
{
    version     2.0;
    format      ascii;
    class       labelList;
    note        "nPoints:330  nCells:140  nFaces:584  nInternalFaces:256";
    location    "constant/polyMesh";
    object      owner;
}
// * * * * * * * * * * * * * * * * * * * * * * * * * * * * * * * * * * * * * //


584
(
0
0
1
1
2
2
3
3
4
4
5
5
6
6
7
7
8
8
9
10
10
11
11
12
12
13
13
14
14
15
15
16
16
17
17
18
18
19
20
20
21
21
22
22
23
23
24
24
25
25
26
26
27
27
28
28
29
30
30
31
31
32
32
33
33
34
34
35
35
36
36
37
37
38
38
39
40
40
41
41
42
42
43
43
44
44
45
45
46
46
47
47
48
48
49
50
50
51
51
52
52
53
53
54
54
55
55
56
56
57
57
58
58
59
60
60
61
61
62
62
63
63
64
64
65
65
66
66
67
67
68
68
69
70
70
71
71
72
72
73
73
74
74
75
75
76
76
77
77
78
78
79
80
80
81
81
82
82
83
83
84
84
85
85
86
86
87
87
88
88
89
90
90
91
91
92
92
93
93
94
94
95
95
96
96
97
97
98
98
99
100
100
101
101
102
102
103
103
104
104
105
105
106
106
107
107
108
108
109
110
110
111
111
112
112
113
113
114
114
115
115
116
116
117
117
118
118
119
120
120
121
121
122
122
123
123
124
124
125
125
126
126
127
127
128
128
129
130
131
132
133
134
135
136
137
138
0
1
2
3
4
5
6
7
8
9
0
1
2
3
4
5
6
7
8
9
0
1
2
3
4
5
6
7
8
9
10
11
12
13
14
15
16
17
18
19
10
11
12
13
14
15
16
17
18
19
20
21
22
23
24
25
26
27
28
29
20
21
22
23
24
25
26
27
28
29
30
31
32
33
34
35
36
37
38
39
30
31
32
33
34
35
36
37
38
39
40
41
42
43
44
45
46
47
48
49
40
41
42
43
44
45
46
47
48
49
50
51
52
53
54
55
56
57
58
59
50
51
52
53
54
55
56
57
58
59
60
61
62
63
64
65
66
67
68
69
60
61
62
63
64
65
66
67
68
69
70
71
72
73
74
75
76
77
78
79
70
71
72
73
74
75
76
77
78
79
80
81
82
83
84
85
86
87
88
89
80
81
82
83
84
85
86
87
88
89
90
91
92
93
94
95
96
97
98
99
90
91
92
93
94
95
96
97
98
99
100
101
102
103
104
105
106
107
108
109
100
101
102
103
104
105
106
107
108
109
110
111
112
113
114
115
116
117
118
119
110
111
112
113
114
115
116
117
118
119
120
121
122
123
124
125
126
127
128
129
120
121
122
123
124
125
126
127
128
129
130
131
132
133
134
135
136
137
138
139
130
131
132
133
134
135
136
137
138
139
9
19
29
39
49
59
69
79
89
99
109
119
129
139
0
10
20
30
40
50
60
70
80
90
100
110
120
130
130
131
132
133
134
135
136
137
138
139
)


// ************************************************************************* //
