/*--------------------------------*- C++ -*----------------------------------*\
| =========                 |                                                 |
| \\      /  F ield         | OpenFOAM: The Open Source CFD Toolbox           |
|  \\    /   O peration     | Version:  2.0.x                                 |
|   \\  /    A nd           | Web:      www.OpenFOAM.com                      |
|    \\/     M anipulation  |                                                 |
\*---------------------------------------------------------------------------*/
FoamFile
{
    version     2.0;
    format      ascii;
    class       vectorField;
    location    "constant/polyMesh";
    object      points;
}
// * * * * * * * * * * * * * * * * * * * * * * * * * * * * * * * * * * * * * //


330
(
(0.6 0 0)
(0.6 0.0125 0)
(0.6 0.0125 1)
(0.6 0 1)
(0.6 0.025 0)
(0.6 0.025 1)
(0.6 0.0375 0)
(0.6 0.0375 1)
(0.6 0.05 0)
(0.6 0.05 1)
(0.6 0.0625 0)
(0.6 0.0625 1)
(0.6 0.075 0)
(0.6 0.075 1)
(0.6 0.0875 0)
(0.6 0.0875 1)
(0.6 0.1 0)
(0.6 0.1 1)
(0.6 0.1125 0)
(0.6 0.1125 1)
(0.6 0.125 0)
(0.6 0.125 1)
(0.6 0.1375 0)
(0.6 0.1375 1)
(0.6 0.15 0)
(0.6 0.15 1)
(0.6 0.1625 0)
(0.6 0.1625 1)
(0.6 0.175 0)
(0.6 0.175 1)
(0.602 0 0)
(0.604 0 0)
(0.606 0 0)
(0.608 0 0)
(0.61 0 0)
(0.612 0 0)
(0.614 0 0)
(0.616 0 0)
(0.618 0 0)
(0.62 0 0)
(0.602 0.0125 0)
(0.604 0.0125 0)
(0.606 0.0125 0)
(0.608 0.0125 0)
(0.61 0.0125 0)
(0.612 0.0125 0)
(0.614 0.0125 0)
(0.616 0.0125 0)
(0.618 0.0125 0)
(0.62 0.0125 0)
(0.602 0.0125 1)
(0.604 0.0125 1)
(0.606 0.0125 1)
(0.608 0.0125 1)
(0.61 0.0125 1)
(0.612 0.0125 1)
(0.614 0.0125 1)
(0.616 0.0125 1)
(0.618 0.0125 1)
(0.62 0.0125 1)
(0.602 0 1)
(0.604 0 1)
(0.606 0 1)
(0.608 0 1)
(0.61 0 1)
(0.612 0 1)
(0.614 0 1)
(0.616 0 1)
(0.618 0 1)
(0.62 0 1)
(0.602 0.025 0)
(0.604 0.025 0)
(0.606 0.025 0)
(0.608 0.025 0)
(0.61 0.025 0)
(0.612 0.025 0)
(0.614 0.025 0)
(0.616 0.025 0)
(0.618 0.025 0)
(0.62 0.025 0)
(0.602 0.025 1)
(0.604 0.025 1)
(0.606 0.025 1)
(0.608 0.025 1)
(0.61 0.025 1)
(0.612 0.025 1)
(0.614 0.025 1)
(0.616 0.025 1)
(0.618 0.025 1)
(0.62 0.025 1)
(0.602 0.0375 0)
(0.604 0.0375 0)
(0.606 0.0375 0)
(0.608 0.0375 0)
(0.61 0.0375 0)
(0.612 0.0375 0)
(0.614 0.0375 0)
(0.616 0.0375 0)
(0.618 0.0375 0)
(0.62 0.0375 0)
(0.602 0.0375 1)
(0.604 0.0375 1)
(0.606 0.0375 1)
(0.608 0.0375 1)
(0.61 0.0375 1)
(0.612 0.0375 1)
(0.614 0.0375 1)
(0.616 0.0375 1)
(0.618 0.0375 1)
(0.62 0.0375 1)
(0.602 0.05 0)
(0.604 0.05 0)
(0.606 0.05 0)
(0.608 0.05 0)
(0.61 0.05 0)
(0.612 0.05 0)
(0.614 0.05 0)
(0.616 0.05 0)
(0.618 0.05 0)
(0.62 0.05 0)
(0.602 0.05 1)
(0.604 0.05 1)
(0.606 0.05 1)
(0.608 0.05 1)
(0.61 0.05 1)
(0.612 0.05 1)
(0.614 0.05 1)
(0.616 0.05 1)
(0.618 0.05 1)
(0.62 0.05 1)
(0.602 0.0625 0)
(0.604 0.0625 0)
(0.606 0.0625 0)
(0.608 0.0625 0)
(0.61 0.0625 0)
(0.612 0.0625 0)
(0.614 0.0625 0)
(0.616 0.0625 0)
(0.618 0.0625 0)
(0.62 0.0625 0)
(0.602 0.0625 1)
(0.604 0.0625 1)
(0.606 0.0625 1)
(0.608 0.0625 1)
(0.61 0.0625 1)
(0.612 0.0625 1)
(0.614 0.0625 1)
(0.616 0.0625 1)
(0.618 0.0625 1)
(0.62 0.0625 1)
(0.602 0.075 0)
(0.604 0.075 0)
(0.606 0.075 0)
(0.608 0.075 0)
(0.61 0.075 0)
(0.612 0.075 0)
(0.614 0.075 0)
(0.616 0.075 0)
(0.618 0.075 0)
(0.62 0.075 0)
(0.602 0.075 1)
(0.604 0.075 1)
(0.606 0.075 1)
(0.608 0.075 1)
(0.61 0.075 1)
(0.612 0.075 1)
(0.614 0.075 1)
(0.616 0.075 1)
(0.618 0.075 1)
(0.62 0.075 1)
(0.602 0.0875 0)
(0.604 0.0875 0)
(0.606 0.0875 0)
(0.608 0.0875 0)
(0.61 0.0875 0)
(0.612 0.0875 0)
(0.614 0.0875 0)
(0.616 0.0875 0)
(0.618 0.0875 0)
(0.62 0.0875 0)
(0.602 0.0875 1)
(0.604 0.0875 1)
(0.606 0.0875 1)
(0.608 0.0875 1)
(0.61 0.0875 1)
(0.612 0.0875 1)
(0.614 0.0875 1)
(0.616 0.0875 1)
(0.618 0.0875 1)
(0.62 0.0875 1)
(0.602 0.1 0)
(0.604 0.1 0)
(0.606 0.1 0)
(0.608 0.1 0)
(0.61 0.1 0)
(0.612 0.1 0)
(0.614 0.1 0)
(0.616 0.1 0)
(0.618 0.1 0)
(0.62 0.1 0)
(0.602 0.1 1)
(0.604 0.1 1)
(0.606 0.1 1)
(0.608 0.1 1)
(0.61 0.1 1)
(0.612 0.1 1)
(0.614 0.1 1)
(0.616 0.1 1)
(0.618 0.1 1)
(0.62 0.1 1)
(0.602 0.1125 0)
(0.604 0.1125 0)
(0.606 0.1125 0)
(0.608 0.1125 0)
(0.61 0.1125 0)
(0.612 0.1125 0)
(0.614 0.1125 0)
(0.616 0.1125 0)
(0.618 0.1125 0)
(0.62 0.1125 0)
(0.602 0.1125 1)
(0.604 0.1125 1)
(0.606 0.1125 1)
(0.608 0.1125 1)
(0.61 0.1125 1)
(0.612 0.1125 1)
(0.614 0.1125 1)
(0.616 0.1125 1)
(0.618 0.1125 1)
(0.62 0.1125 1)
(0.602 0.125 0)
(0.604 0.125 0)
(0.606 0.125 0)
(0.608 0.125 0)
(0.61 0.125 0)
(0.612 0.125 0)
(0.614 0.125 0)
(0.616 0.125 0)
(0.618 0.125 0)
(0.62 0.125 0)
(0.602 0.125 1)
(0.604 0.125 1)
(0.606 0.125 1)
(0.608 0.125 1)
(0.61 0.125 1)
(0.612 0.125 1)
(0.614 0.125 1)
(0.616 0.125 1)
(0.618 0.125 1)
(0.62 0.125 1)
(0.602 0.1375 0)
(0.604 0.1375 0)
(0.606 0.1375 0)
(0.608 0.1375 0)
(0.61 0.1375 0)
(0.612 0.1375 0)
(0.614 0.1375 0)
(0.616 0.1375 0)
(0.618 0.1375 0)
(0.62 0.1375 0)
(0.602 0.1375 1)
(0.604 0.1375 1)
(0.606 0.1375 1)
(0.608 0.1375 1)
(0.61 0.1375 1)
(0.612 0.1375 1)
(0.614 0.1375 1)
(0.616 0.1375 1)
(0.618 0.1375 1)
(0.62 0.1375 1)
(0.602 0.15 0)
(0.604 0.15 0)
(0.606 0.15 0)
(0.608 0.15 0)
(0.61 0.15 0)
(0.612 0.15 0)
(0.614 0.15 0)
(0.616 0.15 0)
(0.618 0.15 0)
(0.62 0.15 0)
(0.602 0.15 1)
(0.604 0.15 1)
(0.606 0.15 1)
(0.608 0.15 1)
(0.61 0.15 1)
(0.612 0.15 1)
(0.614 0.15 1)
(0.616 0.15 1)
(0.618 0.15 1)
(0.62 0.15 1)
(0.602 0.1625 0)
(0.604 0.1625 0)
(0.606 0.1625 0)
(0.608 0.1625 0)
(0.61 0.1625 0)
(0.612 0.1625 0)
(0.614 0.1625 0)
(0.616 0.1625 0)
(0.618 0.1625 0)
(0.62 0.1625 0)
(0.602 0.1625 1)
(0.604 0.1625 1)
(0.606 0.1625 1)
(0.608 0.1625 1)
(0.61 0.1625 1)
(0.612 0.1625 1)
(0.614 0.1625 1)
(0.616 0.1625 1)
(0.618 0.1625 1)
(0.62 0.1625 1)
(0.602 0.175 0)
(0.604 0.175 0)
(0.606 0.175 0)
(0.608 0.175 0)
(0.61 0.175 0)
(0.612 0.175 0)
(0.614 0.175 0)
(0.616 0.175 0)
(0.618 0.175 0)
(0.62 0.175 0)
(0.602 0.175 1)
(0.604 0.175 1)
(0.606 0.175 1)
(0.608 0.175 1)
(0.61 0.175 1)
(0.612 0.175 1)
(0.614 0.175 1)
(0.616 0.175 1)
(0.618 0.175 1)
(0.62 0.175 1)
)


// ************************************************************************* //
